# fiber2mag fiber2flux sn_hour
14	  	 2512	          189.4
15.2	  	 820 	          108.2
15.96	  	 410 	          76.5
16.7199592321898 205.123931884766 54.1052410486184
17.2490535202971 126.002334594727 48.4319246428165
17.4896350686172 100.959213256836 45.4724894345421
17.6420292240069 87.7381134033203 43.4227397499551
17.7665566275397 78.2307281494141 41.2287061034718
17.8803942268097 70.4437255859375 39.3811096090123
17.9772198849297 64.4335479736328 37.8600615125634
18.0612130108435 59.6368637084961 36.1704792027055
18.1389387888765 55.5168075561523 34.9552212019627
18.2144578250972 51.7865371704102 33.8371552773799
18.2837865307622 48.5831184387207 32.6374972644591
18.3551435673691 45.492790222168 31.5278860736593
18.4222892843446 42.7645874023438 30.1177393558855
18.4896480342184 40.1921081542969 29.1240771376388
18.5494916898286 38.0367431640625 28.3540296787231
18.6058549321625 36.1125411987305 27.3812135976382
18.661070085398 34.3219528198242 26.7421018917012
18.7155967302478 32.6408386230469 26.1323710750933
18.7660586225371 31.1585006713867 25.552827623869
18.8159359409626 29.7594985961914 24.5357071763801
18.8615895697834 28.5340995788574 23.9530667176307
18.9092400178039 27.3088874816895 23.567887940394
18.9563699627995 26.1488151550293 22.67497590442
18.9993308617274 25.134349822998 22.0516424703435
19.0408517077232 24.1913070678711 21.5936522007463
19.0822646674998 23.2859592437744 20.9732925927178
19.1218505340182 22.4522457122803 20.6500136873341
19.1581839999302 21.7133293151855 19.8009014176614
19.1963553844334 20.9632129669189 19.5324076150982
19.2310855168509 20.3032608032227 19.069223544108
19.2644952245449 19.6880149841309 18.7809163919104
19.3006487371477 19.0432243347168 18.4299798677843
19.3343332016182 18.4614887237549 17.9301900731166
19.368066626957 17.8967170715332 17.4956419755429
19.3998485154102 17.3804321289062 17.3157817866986
19.4291095018006 16.9182796478271 16.89957120756
19.4580070613773 16.4739284515381 16.4310387445294
19.4856713222798 16.0594787597656 16.0921779500521
19.5129425313968 15.6611261367798 16.0301296538193
19.5392836334013 15.2857427597046 15.8716518280245
19.565101683745 14.9265460968018 15.6628111282058
19.5890551760013 14.6008434295654 15.2597840539555
19.6113676550791 14.3038501739502 15.1139820021206
19.6349779361969 13.9961576461792 14.831855730711
19.6567593092427 13.7181730270386 14.5264369264372
19.6776944836157 13.4561929702759 14.3705990838231
19.6968219520396 13.2212104797363 14.2035101606952
19.7154450850148 12.9963665008545 14.0687055179385
19.7339208789877 12.7770805358887 13.8280035830282
19.7529984283325 12.5545349121094 13.4713790234322
19.7713732312255 12.3438520431519 13.3940701691202
19.7895745011062 12.1386451721191 13.5093568514487
19.8080622024475 11.9337005615234 13.0736265080737
19.8263812857428 11.734037399292 12.9517581355702
19.8461723852717 11.522084236145 12.6169651336633
19.8646643329275 11.3275051116943 12.4624260007522
19.8832965559979 11.1347732543945 12.42563683471
19.9017740733975 10.9468803405762 12.2024969907266
19.9198157062548 10.7664794921875 12.1924361722378
19.9379268040532 10.5883741378784 11.7324169538719
19.9549818615166 10.4233484268188 11.8970312807408
19.9715519938959 10.2654781341553 11.5379080251284
19.9882423924757 10.1088800430298 11.4079808949465
20.0040079614305 9.96315383911133 11.3871775576138
20.0208882332139 9.80945110321045 11.0346573484207
20.0363746475609 9.6705265045166 11.0012712214805
20.052396591709 9.52886962890625 10.9784484010661
20.068105098054 9.39199733734131 10.8267353264727
20.084454548867 9.25162887573242 10.7764282460729
20.0997001740622 9.12262725830078 10.5883633934681
20.1144840434254 8.99925136566162 10.5308162037579
20.128632854629 8.88273811340332 10.3139902032744
20.143029551938 8.76573181152344 10.1870124286318
20.1570261785952 8.65345478057861 10.2786861129494
20.1702234829588 8.54890727996826 10.1405897209156
20.1837308219647 8.44321155548096 9.90046923438333
20.1978064240781 8.33445930480957 9.96119225270224
20.2116249086042 8.2290563583374 9.72081852230764
20.225527791525 8.12435531616211 9.73394253114674
20.2383291652055 8.02912712097168 9.62048305999603
20.2509532384583 7.93631172180176 9.49959626735377
20.2635094760639 7.84505891799927 9.44774727088749
20.2758059054905 7.75671148300171 9.39387937798761
20.2877367571158 7.67194175720215 9.10576101271303
20.2995956871299 7.58860111236572 9.09339464230247
20.3113819998556 7.50666809082031 9.0268759612983
20.3239289313502 7.42041873931885 8.99437507030722
20.3368131284618 7.33288288116455 8.8372302747551
20.348283137358 7.25582408905029 8.81029719139298
20.3594965543296 7.18127202987671 8.61317164633423
20.3711512199661 7.10459804534912 8.71970722622309
20.3821763204766 7.0328197479248 8.55747289305213
20.3930949953969 6.96244859695435 8.54506966561711
20.4034678439117 6.89624786376953 8.38424091802961
20.4149535334299 6.82367897033691 8.37128327056191
20.4255057618563 6.75768089294434 8.33927989078936
20.4358377806749 6.693678855896 8.15187511754577
20.4458604133686 6.63217258453369 8.18888383002592
20.4553699360332 6.57433795928955 8.25491797053067
20.4653476020148 6.51419830322266 8.0227506312424
20.4753035898479 6.45473718643188 8.02468403504622
20.485308772779 6.39552927017212 7.97080952812191
20.4950767640374 6.33824920654297 7.85824946453322
20.5048112010255 6.28167581558228 7.73465696519303
20.5149041539635 6.22355222702026 7.73900657761633
20.5243532828209 6.16962385177612 7.79069846876831
20.5342684552367 6.11353778839111 7.61902949759732
20.5435277628421 6.06162261962891 7.42133186593971
20.5527539109204 6.01033163070679 7.49662890857927
20.5626126960193 5.95600318908691 7.46211201382573
20.5716837080651 5.90644979476929 7.41906959317695
20.5805670973331 5.85832118988037 7.30592801675678
20.5896637632654 5.80944299697876 7.18650377279416
20.5985287533421 5.76220226287842 7.2596758851315
20.607220933345 5.71625518798828 7.18806517397973
20.6159077120821 5.67070293426514 7.13271779043572
20.6246803834906 5.62506866455078 7.12160807878866
20.6330397459409 5.5819263458252 7.09677405906462
20.6415718873835 5.53823328018188 6.90741580789656
20.6504818399773 5.49297046661377 6.93498211623622
20.6591437777227 5.44932222366333 6.8840097454586
20.6674709048176 5.40768814086914 6.93485201666019
20.6755877461784 5.36741161346436 6.82873876665099
20.6833526692486 5.32916212081909 6.81825620730784
20.6915965673426 5.28885173797607 6.67263695677673
20.6998826775648 5.24864196777344 6.73967134188914
20.7076641911045 5.21115875244141 6.67846976920849
20.7154668546667 5.17384338378906 6.54894168304729
20.7233987219915 5.13618326187134 6.43824925433163
20.731344487547 5.09873199462891 6.55849677129316
20.739613897879 5.06004571914673 6.50491954158949
20.7473064854701 5.02432155609131 6.39261997109803
20.7552925829383 4.98750066757202 6.35023023595112
20.7626483493574 4.95382499694824 6.29288750811703
20.7697693805233 4.92144060134888 6.31301613926031
20.7767926780978 4.88970804214478 6.38075466294561
20.7842945744306 4.85603904724121 6.27967323299216
20.7914088562269 4.8243236541748 6.20342514362527
20.7989966266089 4.79072618484497 6.16770011733243
20.8064159705233 4.75810050964355 6.18944935666304
20.8140179519852 4.72490215301514 6.13457807847774
20.8212119934755 4.69369888305664 6.04119778437608
20.8280892073035 4.66406202316284 6.00851643134641
20.8350879026263 4.63409423828125 5.94833252213889
20.8421574179273 4.60401821136475 5.97930123024134
20.8490824469243 4.57474613189697 5.89693009991338
20.8565124580438 4.54354667663574 5.87089256175571
20.8637156434012 4.513503074646 5.93653897171769
20.8705420208155 4.48521423339844 5.74910051357945
20.8777605341836 4.45549297332764 5.74498130518009
20.8848892186076 4.42633533477783 5.68643064442426
20.891937396213 4.39769458770752 5.71703058563128
20.8988139106576 4.36992931365967 5.58478323473629
20.9056726743934 4.34241104125977 5.58447474535071
20.9125919595176 4.3148250579834 5.66252703993446
20.9192381965797 4.28849315643311 5.51601354234417
20.9258367608641 4.26250886917114 5.54483057707235
20.9328341561696 4.23512601852417 5.57570944439734
20.939758029916 4.20820426940918 5.47171122789274
20.9467145789192 4.18132734298706 5.46434340519496
20.9533274359084 4.15593767166138 5.47023588492218
20.9600869839926 4.1301441192627 5.37273855738788
20.9668825092641 4.10437488555908 5.45234251442526
20.9737716739614 4.07841396331787 5.3522747771919
20.9804758548984 4.05330848693848 5.28541257513551
20.9869221427058 4.0293140411377 5.25094976220333
20.993659596426 4.00438785552979 5.24470683425298
21.0005414143355 3.97908687591553 5.19102229982201
21.0074999974097 3.95366621017456 5.16577585636137
21.0143937534921 3.92864227294922 5.06811637905387
21.0211575698204 3.90424418449402 5.11721909494583
21.0273658486575 3.88198328018188 5.07290410887785
21.0338516340853 3.85886287689209 5.05613160952337
21.0405673988656 3.83506774902344 5.02166640848304
21.0473134161088 3.81131315231323 4.99250123275484
21.053874183173 3.78835201263428 5.00429435749618
21.0600238800467 3.76695513725281 4.95780044060995
21.0664611000471 3.74468731880188 4.93907639140651
21.0732102514827 3.72148180007935 4.87945845617625
21.0798875691627 3.69866466522217 4.83249987285897
21.0860968249098 3.67757272720337 4.821984084885
21.0924953247786 3.6559636592865 4.86011815158639
21.0989452532749 3.6343092918396 4.81444398818964
21.1061222141647 3.61036491394043 4.72995321044985
21.1128537456454 3.58805012702942 4.74404685641028
21.1193898722008 3.56651496887207 4.73376711103677
21.1258532103973 3.54534673690796 4.77036803688219
21.1326581419492 3.52319550514221 4.63483932762873
21.1396519561842 3.50057363510132 4.59784360818148
21.1459513947451 3.48032212257385 4.6064280392356
21.1525027807437 3.45938491821289 4.60821429084089
21.1590644273574 3.43854117393494 4.58085471339127
21.1656961915783 3.41760230064392 4.57806454432889
21.1722666718419 3.39698266983032 4.57413913634766
21.1782737154645 3.37824010848999 4.46335001735441
21.1844679109695 3.35902190208435 4.53230880917653
21.1906502141106 3.33994960784912 4.43845388809521
21.1969693382944 3.32056713104248 4.438968636648
21.2030327753591 3.30207467079163 4.42976820864811
21.2094773497945 3.28253269195557 4.38529946787267
21.2154532751115 3.26451516151428 4.47760635744955
21.2215089601261 3.24635791778564 4.38451140285374
21.2274787773384 3.22855710983276 4.35446341880249
21.2331408621455 3.21176433563232 4.28084009688489
21.2390841883185 3.1942310333252 4.29765267013774
21.2449328704286 3.17707061767578 4.27421613653202
21.2511015848491 3.15907096862793 4.18776623826334
21.25732474975 3.14101552963257 4.2022659076579
21.2632510822934 3.12391757965088 4.15761941595455
21.2685788095767 3.10862588882446 4.16311888049521
21.2742005023391 3.09257173538208 4.24257907714664
21.2802698395051 3.07533240318298 4.14747334519221
21.2859512831561 3.05928182601929 4.18284811341115
21.2914333134201 3.04387402534485 4.09973912577371
21.2968848710088 3.02862882614136 4.08561321397935
21.3020260053895 3.01432180404663 4.12510621309757
21.3074843217972 2.99920582771301 4.09465616561201
21.3127382384422 2.98472762107849 4.05972255448706
21.3181939359269 2.96976733207703 4.02121697101301
21.3236511674092 2.95487785339355 4.03249027806148
21.3286675655666 2.94125699996948 4.02275108410704
21.3338948463868 2.92713022232056 3.99855571077521
21.3389012473065 2.9136643409729 3.96115849940085
21.3438076739202 2.90052700042725 3.9095619663181
21.3487696346575 2.88730144500732 3.98353070420871
21.3534553047454 2.87486791610718 3.94469608659716
21.3581004695017 2.86259436607361 3.96360454937355
21.3630280883212 2.84963178634644 3.86529937699175
21.3679861123612 2.83664870262146 3.88825415747636
21.3726680157934 2.82444286346436 3.86512585498806
21.3772263350877 2.81260967254639 3.84862860898621
21.3818868265747 2.80056238174438 3.89182564465916
21.3864753715898 2.78875160217285 3.87364442990814
21.3911216576034 2.77684307098389 3.81422802746089
21.3958738142737 2.76471567153931 3.79441272099549
21.4005162452481 2.7529194355011 3.80692506404009
21.4051964130295 2.74107837677002 3.74632493204292
21.4096628803899 2.729825258255 3.72032629234558
21.4140102149752 2.71891689300537 3.75840150562374
21.4181541394555 2.70855927467346 3.74895184229501
21.4225975220057 2.69749712944031 3.69374602300564
21.426842957909 2.68696999549866 3.71658632290251
21.4310426299147 2.67659664154053 3.71008193272731
21.4351902613485 2.66639137268066 3.71491015110803
21.4394585188649 2.65592980384827 3.64597648469113
21.4435051382852 2.64604949951172 3.66994054377463
21.447654048126 2.63595724105835 3.69496904184355
21.4519024233434 2.62566328048706 3.62984508948149
21.4556245399207 2.61667728424072 3.63765724917377
21.459632828727 2.6070351600647 3.63014241540707
21.463746017836 2.59717726707458 3.65610235838595
21.4675675404156 2.58805179595947 3.62559477776463
21.4713284871133 2.57910251617432 3.55798523299654
21.4750491278598 2.57027959823608 3.60054942102697
21.4788948454779 2.56119155883789 3.55957882624358
21.4827766494498 2.55205106735229 3.56182660318533
21.4862730052616 2.54384589195251 3.49834620759079
21.4900834422069 2.5349338054657 3.5534822958319
21.4936717808032 2.52656984329224 3.52607548007673
21.4972757187742 2.51819705963135 3.5309541631591
21.5008441134809 2.509934425354 3.49732302669437
21.50435386257 2.50183391571045 3.56867994227305
21.5080001890016 2.4934458732605 3.56355348734924
21.5113670193509 2.48572564125061 3.51239601708865
21.5148799239465 2.47769594192505 3.50879740544339
21.5182625299559 2.46998882293701 3.4575914092698
21.5219316035977 2.46165609359741 3.4944794487917
21.5256041497045 2.45334339141846 3.44681660402647
21.5289703216355 2.44574880599976 3.41688752125069
21.5323811497613 2.43807768821716 3.44605713578362
21.5357142747837 2.43060445785522 3.45154266080473
21.5392360821534 2.42273306846619 3.37237545812007
21.5425206342675 2.41541481018066 3.39239275109973
21.5455567643582 2.40866994857788 3.4337247578971
21.5488287228845 2.40142202377319 3.39301298520517
21.5521960442693 2.39398574829102 3.41367583670564
21.5554011231346 2.38692927360535 3.41080277737557
21.5586203685244 2.3798623085022 3.32748044939622
21.5620991524269 2.37224936485291 3.37516811672672
21.5652329574752 2.36541223526001 3.3654638591677
21.5683043324821 2.35873031616211 3.32246831467211
21.5713537150681 2.3521146774292 3.30993642653573
21.5745254227282 2.34525370597839 3.2909900958144
21.5776997255766 2.33840703964233 3.31413955887176
21.5807535010942 2.33183908462524 3.30289038639595
21.583663497438 2.32559776306152 3.35236812023615
21.5865838253317 2.31935095787048 3.33560201376192
21.5896415169658 2.31282830238342 3.26943141109127
21.5927125582101 2.30629563331604 3.2338668215787
21.595711439798 2.29993438720703 3.28889392756949
21.598547032723 2.29393529891968 3.28131820090085
21.6015596058914 2.28757929801941 3.30589033195717
21.6045519661693 2.28128337860107 3.23237226213851
21.6074425717507 2.27521777153015 3.20409614012484
21.6102493501766 2.26934361457825 3.24838904346147
21.6132556664256 2.26306867599487 3.22510499819477
21.616088369912 2.25717210769653 3.23647166408262
21.6191377735869 2.25084137916565 3.2472726140838
21.6220484417265 2.24481534957886 3.19802396907682
21.6248735707865 2.2389817237854 3.20364825199843
21.6278345136743 2.23288416862488 3.16031963156053
21.6306867885914 2.22702598571777 3.18835452107618
21.6335641743078 2.22113180160522 3.13293793580692
21.6363982002148 2.21534156799316 3.14307729238197
21.6392521786076 2.20952606201172 3.15580482609215
21.6419026139921 2.20413875579834 3.1737689240566
21.6445137980503 2.19884443283081 3.16251431124054
21.647495397446 2.19281435012817 3.14226138629944
21.6500912097957 2.18757772445679 3.12072081087091
21.6527234905687 2.18228054046631 3.15748259234715
21.6556291487886 2.17644834518433 3.10657847070765
21.6582417023744 2.17121744155884 3.1231548405992
21.660928800628 2.16585063934326 3.08690191630421
21.6636755255027 2.16037821769714 3.06770455997116
21.6664120989661 2.15493988990784 3.13677760422892
21.6691754580945 2.14946222305298 3.06374793046193
21.671821817462 2.14422941207886 3.04952419777347
21.674309161658 2.13932275772095 3.03621452534896
21.6768590985704 2.13430452346802 3.06062597930906
21.6794811142269 2.12915635108948 3.05151165401357
21.682086382568 2.12405347824097 3.04366471286369
21.6846353711815 2.11907267570496 3.11525537019753
21.6871980109855 2.11407709121704 3.00565702487148
21.6899430992525 2.10873866081238 3.07679668175239
21.6925887591568 2.10360646247864 3.014389648367
21.6952966400113 2.09836649894714 3.00777218712451
21.6980017686982 2.09314489364624 3.04318538787909
21.700659538391 2.0880274772644 2.99861727675015
21.7033055613095 2.08294486999512 3.04160734165598
21.7058631228637 2.07804393768311 2.96092384919903
21.7083251516403 2.07333707809448 2.96815987105761
21.7108520920179 2.06851720809937 2.98131486776473
21.7134542950312 2.06356573104858 2.95286231228271
21.7158105981618 2.05909204483032 2.96934973671461
21.7182652621405 2.05444192886353 2.95058932032471
21.7208681374833 2.0495228767395 2.93833240905571
21.7234980947303 2.04456424713135 2.98411099587828
21.7259921738336 2.03987312316895 2.92226153398863
21.7285241755156 2.03512144088745 2.94707263040448
21.7309573646339 2.03056573867798 2.92148489367664
21.7335744618709 2.02567720413208 2.90115150908951
21.7360380917526 2.02108573913574 2.90144130554407
21.7386032220097 2.01631641387939 2.88656772795602
21.7410357756883 2.01180410385132 2.89666753238227
21.7436288122582 2.00700521469116 2.88556232382354
21.7461957998555 2.00226545333862 2.84091937605157
21.7488339919234 1.99740624427795 2.91234400028817
21.7513778339779 1.99273180961609 2.86918817508495
21.7538333190331 1.98823022842407 2.84722226411653
21.7563015144029 1.98371553421021 2.86410813094253
21.7587843580356 1.97918438911438 2.85865283936876
21.7612857066529 1.9746298789978 2.84120995703102
21.7635640952289 1.97049057483673 2.82700307043336
21.7658958200611 1.96626329421997 2.85860952455656
21.7683243604031 1.96187019348145 2.85202176402797
21.770812499227 1.95737934112549 2.82319656380639
21.773195512011 1.95308792591095 2.8175436590614
21.775509184834 1.94893038272858 2.86515047408168
21.7780137959526 1.94443964958191 2.85415576858056
21.7803643531917 1.94023466110229 2.84921726477158
21.782713124436 1.93604183197021 2.7991344683418
21.7849573847508 1.93204414844513 2.81023141892547
21.7872334145317 1.92799830436707 2.80006455415015
21.789482338694 1.92400884628296 2.78222526845962
21.7917661649222 1.91996598243713 2.78171356345314
21.7942531981194 1.91557312011719 2.808001043581
21.796566356161 1.91149628162384 2.76343840726941
21.7989299173714 1.90733957290649 2.77954047744908
21.8012245439471 1.90331292152405 2.72558499408093
21.8035483589309 1.89924359321594 2.72363739133802
21.8058216704644 1.89527106285095 2.80534207620411
21.8081609338998 1.8911919593811 2.78580777171542
21.8104393732464 1.8872275352478 2.74194603444633
21.8126904748937 1.88331866264343 2.73244098123983
21.8150068928756 1.87930488586426 2.72962084657476
21.8172846101677 1.87536644935608 2.70720850955775
21.819560303467 1.87143993377686 2.75204054931009
21.82179576333 1.86759066581726 2.77744913010079
21.8241320226611 1.86357641220093 2.67862976098533
21.8264105056565 1.85966968536377 2.74010028965563
21.828668951374 1.85580539703369 2.72995713242817
21.8308389819279 1.85209989547729 2.7272807978397
21.8331353099823 1.84818685054779 2.71336102856629
21.8353101896699 1.84448838233948 2.71592985650463
21.8375719139374 1.84065008163452 2.69036044352702
21.8397997456918 1.83687710762024 2.68395383000502
21.8421494072798 1.8329062461853 2.69078182761401
21.8443663531754 1.82916736602783 2.71496807252965
21.8465600056915 1.82547545433044 2.68517800622597
21.8487552219531 1.82178831100464 2.63049716751214
21.8508973304056 1.81819748878479 2.62636247253904
21.8530152501956 1.81465435028076 2.66969823210595
21.8551477432803 1.81109356880188 2.64182953710453
21.8574727368112 1.80721950531006 2.63199045680964
21.859722302133 1.80347895622253 2.64904139851917
21.8619122830943 1.79984498023987 2.64004943005359
21.8641400892839 1.79615569114685 2.62533572568719
21.8663920445348 1.79243397712708 2.64646591527678
21.8686008157675 1.78879129886627 2.69565796632883
21.8708861243793 1.78503012657166 2.66031023717691
21.8730335553707 1.78150308132172 2.59502615675777
21.8751868800077 1.77797341346741 2.56625623654963
21.8775515468004 1.77410531044006 2.62386175120545
21.8798514432558 1.77035117149353 2.60813623090936
21.8820731058577 1.76673233509064 2.60943362461822
21.8842345415756 1.76321864128113 2.59485926535331
21.8863155601619 1.75984239578247 2.58920710428222
21.888356547603 1.75653731822968 2.59733498441743
21.8905436093556 1.75300264358521 2.55299933788148
21.892818984819 1.74933266639709 2.58188469210935
21.894919948338 1.74595093727112 2.58180136960396
21.8971481778039 1.74237132072449 2.58977826225714
21.8992909622177 1.7389360666275 2.57335280188912
21.9015605967886 1.7353048324585 2.56781954762881
21.903664100181 1.73194599151611 2.54706316726208
21.9058161266623 1.72851657867432 2.59000942360365
21.9080153064821 1.7250189781189 2.51504362351709
21.9100385998124 1.72180736064911 2.5691491266201
21.9122244010021 1.71834444999695 2.578977000386
21.914355516589 1.7149749994278 2.48603738772636
21.9164513510389 1.71166777610779 2.5376545772
21.918650227337 1.70820474624634 2.52309612202737
21.920806684216 1.70481526851654 2.5005439770891
21.9230027304141 1.70137047767639 2.51071789335358
21.9250942265448 1.69809627532959 2.51631345523295
21.9272870945184 1.69467008113861 2.50283769239951
21.9294260100618 1.69133484363556 2.47533931529252
21.9316049177748 1.68794393539429 2.49718226935304
21.9337069588072 1.68467926979065 2.49046963809656
21.9359442922153 1.68121123313904 2.47325156915726
21.9380919396186 1.67788898944855 2.48276977748265
21.9403159976569 1.67445540428162 2.44292510053951
21.9425147622056 1.67106795310974 2.47850159364875
21.9445864464074 1.66788244247437 2.4704712509116
21.9467054375079 1.66463041305542 2.46758142523831
21.9488920667641 1.66128134727478 2.43897833381016
21.9509424019913 1.65814709663391 2.46334942353555
21.9530688800311 1.6549026966095 2.42609255231558
21.9553207662981 1.65147376060486 2.42723374386829
21.9574026449303 1.64831018447876 2.40090746989681
21.9596261322977 1.64493799209595 2.42662415832387
21.9617666282788 1.64169836044312 2.44889499248093
21.9638070052833 1.63861608505249 2.42097376170087
21.9659184917166 1.63543248176575 2.4142123053753
21.9680880543361 1.63216769695282 2.41953207703288
21.9701865179226 1.62901616096497 2.38895534929794
21.972410253266 1.62568306922913 2.40103007416586
21.974466442424 1.62260723114014 2.41204661130841
21.9765113486991 1.61955404281616 2.39936417827155
21.9787491704529 1.61621952056885 2.36293871993284
21.9808519524877 1.61309230327606 2.35644609046971
21.9829003708658 1.61005187034607 2.37180721830799
21.9850198342419 1.6069118976593 2.37365619679622
21.9871164481717 1.60381186008453 2.3684126674717
21.9891869591132 1.60075628757477 2.37368683449836
21.9912772636696 1.59767746925354 2.37013995513608
21.993415025902 1.59453475475311 2.35078423005556
21.9954971474718 1.59147977828979 2.3522723473588
21.9974999970399 1.58854675292969 2.34665261306511
21.9995705051876 1.58552026748657 2.33000423821204
22.0017555530831 1.58233261108398 2.34784981271483
22.0039802924696 1.57909369468689 2.33859726081994
22.0061992511192 1.57586967945099 2.27843683040246
22.0083526360944 1.57274723052979 2.35590348955019
22.0104646190801 1.56969094276428 2.32248366357688
22.0125452764274 1.56668567657471 2.351218961328
22.0145948750987 1.5637309551239 2.32498053704121
22.0167482398824 1.56063270568848 2.3439370985743
22.0187227903489 1.55779707431793 2.32179339056276
22.0207685286289 1.55486464500427 2.31288250347731
22.0229512836804 1.5517418384552 2.29061574770762
22.0250806851875 1.5487015247345 2.30764781102699
22.0271948861337 1.54568874835968 2.32573116364691
22.0293660280522 1.54260087013245 2.27674795817583
22.0314421518192 1.53965401649475 2.29722267966596
22.033628761417 1.53655636310577 2.25590092331301
22.0356316636917 1.53372442722321 2.26263289357939
22.0378084707619 1.53065252304077 2.27063968593306
22.039925131962 1.52767133712769 2.28290190957701
22.0419889684905 1.52477025985718 2.2922794136001
22.0440902869698 1.5218220949173 2.28184262195145
22.0462835823518 1.5187509059906 2.2418274957702
22.0483339801709 1.51588559150696 2.2310911157444
22.0504149047596 1.51298296451569 2.2629107511532
22.0524699127355 1.51012206077576 2.25842953170918
22.0545749313163 1.50719702243805 2.24360587157482
22.0567268024957 1.50421285629272 2.20951991558941
22.0587938896208 1.50135171413422 2.25783183849174
22.0609076754047 1.49843168258667 2.26447759796023
22.0631848399484 1.49529218673706 2.19572153587854
22.0653251961392 1.49234735965729 2.27724911483512
22.0674136872152 1.48947954177856 2.21677444024008
22.0696343686634 1.48643612861633 2.20944536336026
22.0716543155285 1.4836733341217 2.24137045254034
22.0737770547815 1.48077535629272 2.18643431520997
22.0757943975712 1.47802662849426 2.22772333225278
22.0779194197885 1.47513651847839 2.21611254257685
22.0801223269782 1.47214663028717 2.21160877749292
22.0823345142056 1.46915018558502 2.15213708348814
22.084558809945 1.46614348888397 2.16512507288058
22.0865567259948 1.46344804763794 2.1715061514535
22.088707413269 1.46055197715759 2.19396480574714
22.0908621472188 1.4576563835144 2.18519907495181
22.0930172512562 1.45476579666138 2.17554473124004
22.0950686457143 1.45201981067657 2.19184423237957
22.0973439974074 1.44898009300232 2.16027677770923
22.0994567071511 1.44616317749023 2.15712416413917
22.1015747465695 1.44334483146667 2.18634928448152
22.1036457131967 1.44059443473816 2.16444231137822
22.1057899075941 1.43775224685669 2.13073642269952
22.1078258253866 1.43505871295929 2.14511208200116
22.1099326178762 1.43227672576904 2.18172904689068
22.1121870708007 1.42930579185486 2.12127916692559
22.1143038483181 1.42652201652527 2.12478126489838
22.1165284014146 1.42360210418701 2.10958155180344
22.1187465437567 1.42069673538208 2.12354392596321
22.120896106367 1.41788673400879 2.13741682670872
22.1229339618855 1.41522800922394 2.10790156315393
22.1250677846371 1.4124493598938 2.13072826575066
22.1273149376882 1.40952897071838 2.14632142203472
22.1294136022873 1.40680718421936 2.08164028016131
22.1315701663202 1.40401554107666 2.13461918395463
22.1336664582998 1.40130734443665 2.09640145039448
22.1358389447969 1.39850628376007 2.09383503924288
22.1379479075764 1.39579248428345 2.09002131711494
22.1401376741058 1.39298009872437 2.08992978598282
22.1423115695627 1.39019393920898 2.03394563650444
22.144621698378 1.38723909854889 2.12187581398503
22.1467267267242 1.38455212116241 2.09393328251411
22.1490364423993 1.38160991668701 2.09323836425367
22.151217967849 1.3788366317749 2.07470816668072
22.1532346881251 1.37627792358398 2.04671938769955
22.1554518133198 1.37347030639648 2.06487173292625
22.1577327780733 1.37058782577515 2.07304346275362
22.1598943936929 1.36786186695099 2.04564151072871
22.1621192007102 1.36506175994873 2.04636647517848
22.1643624001853 1.36224436759949 2.06523770475848
22.1665949152817 1.35944628715515 2.01831222545999
22.168877348318 1.35659146308899 2.05640705841457
22.1712712470042 1.35360360145569 2.03313449191137
22.1734418566022 1.35090017318726 2.03470352121208
22.1755808141625 1.3482414484024 2.00633871751601
22.1777043715883 1.34560704231262 1.98343827830844
22.1801271364582 1.34260773658752 2.034158713946
22.1824386118291 1.3397524356842 2.02538240181514
22.1847667816286 1.33688259124756 2.00381315683659
22.1869497733931 1.33419740200043 2.01660181546214
22.1892280051616 1.33140075206757 2.01050065375838
22.1914545752495 1.32867312431335 1.98343302157644
22.1938420108922 1.32575476169586 2.00683778368622
22.1961500772488 1.32293939590454 1.98742811399399
22.1984618350385 1.32012557983398 1.99323572215122
22.2006701578533 1.31744337081909 2.00812702138122
22.2029410155107 1.31469070911407 1.97620053885315
22.2052970892072 1.31184089183807 1.96332820196088
22.2074321773278 1.30926370620728 1.95626967855249
22.2097021297328 1.30652928352356 1.96299645237958
22.212109572154 1.30363547801971 1.94277463072541
22.2142730345387 1.30104041099548 1.98375525768319
22.2164901096824 1.29838633537292 1.97201517886781
22.2187605683445 1.29567408561707 1.95301775824433
22.2208144788602 1.29322528839111 1.95359056454471
22.2231651183573 1.29042851924896 1.94669023540755
22.2255167368589 1.28763651847839 1.96437938833488
22.2277926223743 1.28494024276733 1.93816510915779
22.2302391458039 1.28204822540283 1.9315728405915
22.2325568813552 1.27931427955627 1.9266080642274
22.2348075414604 1.27666509151459 1.92091467167409
22.2371235796552 1.27394461631775 1.92498940162715
22.2394412089761 1.27122819423676 1.920465294369
22.241882977018 1.26837253570557 1.9208904525161
22.2443397604087 1.26550567150116 1.8878619231403
22.2466942831354 1.26276421546936 1.88029401873916
22.2490998912369 1.25996947288513 1.90625727546812
22.2514497403081 1.2572455406189 1.91938946033742
22.2537778105463 1.25455260276794 1.88643913130236
22.2561952529855 1.25176239013672 1.86238361711903
22.2586285565832 1.24896013736725 1.89061593364936
22.2610381406985 1.24619138240814 1.86805344694083
22.2634123852913 1.24346923828125 1.87477571905368
22.2657963708902 1.24074196815491 1.89610098441717
22.2681968936924 1.238001704216 1.8804045587169
22.2705052429334 1.23537242412567 1.87523276383078
22.2728804057023 1.23267292976379 1.86387589412647
22.2751893797144 1.23005414009094 1.85160277405445
22.2775990249905 1.22732734680176 1.86314151162011
22.2799537875638 1.22466826438904 1.86930077272698
22.2825431586622 1.22175109386444 1.85789829565379
22.2851522063258 1.21881866455078 1.83362954394571
22.2876144226582 1.21605777740479 1.8432169371954
22.290242634894 1.21311771869659 1.84902848121877
22.2928371721553 1.2102222442627 1.86297847379405
22.2953843238242 1.20738637447357 1.83263889545821
22.2978735876158 1.20462131500244 1.83871087285516
22.3004432044967 1.20177376270294 1.84961524067572
22.3029054627588 1.19905138015747 1.83067188861737
22.305533124831 1.19615304470062 1.81693627013111
22.3080521375851 1.1933810710907 1.81258781543395
22.3106526179798 1.19052624702454 1.81326701636373
22.3133260927948 1.18759822845459 1.80109007984618
22.3158603774034 1.18482947349548 1.82365138248628
22.3182943862408 1.18217635154724 1.77499176427923
22.3208757549203 1.17936897277832 1.77549577727606
22.3234303839571 1.17659735679626 1.78680154031675
22.3260065851905 1.17380881309509 1.80249204043533
22.3286523582815 1.17095184326172 1.80314468143776
22.3313475319511 1.16804885864258 1.79981028710298
22.334010866926 1.16518712043762 1.77315690781132
22.3366465659788 1.16236186027527 1.79848704117651
22.3392944274951 1.15953063964844 1.77567583370378
22.3420706796863 1.156569480896 1.73518904424947
22.3448561246429 1.15360617637634 1.73435638920906
22.3475465463624 1.1507511138916 1.77338545402832
22.3502076835123 1.14793395996094 1.76298840101552
22.3530294832193 1.14495444297791 1.75630666473524
22.3557402034355 1.14209938049316 1.73050544764278
22.3585855842226 1.13911032676697 1.75489970496018
22.3613252652975 1.13623952865601 1.74612498659749
22.3641255519897 1.13331270217896 1.71095535549113
22.3669235189536 1.13039588928223 1.71332161076429
22.3696961134858 1.12751293182373 1.71674282320309
22.3724619960935 1.12464427947998 1.72897236499441
22.3753357890129 1.12167143821716 1.71342025282017
22.3782561991711 1.11865854263306 1.68836663349055
22.3811083256974 1.11572372913361 1.73714550310764
22.3839795372553 1.11277711391449 1.71316628800117
22.3868216850534 1.10986804962158 1.68652948068575
22.3896228284798 1.10700821876526 1.68888109806028
22.3923469970974 1.10423421859741 1.6793510962674
22.3952777403785 1.10125756263733 1.64718469012168
22.3982045135204 1.09829294681549 1.65155997563468
22.4011373660117 1.09533023834229 1.68154742352785
22.4041789983229 1.09226596355438 1.68574210185849
22.407084390822 1.08934700489044 1.69990450638242
22.41003022197 1.08639538288116 1.64611431178576
22.4130534768848 1.08337450027466 1.69521406381943
22.4161449570833 1.08029413223267 1.65051485115917
22.4191313063903 1.07732677459717 1.66518530246232
22.42217835906 1.07430768013 1.64587562653563
22.425355717098 1.07116830348969 1.63354232363529
22.4282600748649 1.06830668449402 1.62424671048616
22.4312791907138 1.06534028053284 1.61830513111085
22.4345060587521 1.06217861175537 1.65445829664646
22.4376662240122 1.05909156799316 1.63255656062
22.4409179813953 1.05592441558838 1.62490293569775
22.444131314122 1.05280387401581 1.6208338071022
22.4474708367981 1.04957056045532 1.59984530259348
22.4508076747075 1.04634988307953 1.62562898504928
22.4539397308059 1.04333579540253 1.63151993902733
22.4573457563838 1.04006791114807 1.59528043916228
22.460557040108 1.03699624538422 1.58921208410431
22.4637896173043 1.03391337394714 1.5651881615826
22.4671343712463 1.03073310852051 1.55141863046822
22.4704742830071 1.0275673866272 1.59026341757576
22.4736379656089 1.02457749843597 1.56252013934597
22.4770474586368 1.02136516571045 1.58490133564532
22.4805771498464 1.01805007457733 1.57154040925539
22.4838345271423 1.01500034332275 1.52914201462168
22.4872803993415 1.01178407669067 1.56193378821731
22.4909113368268 1.00840616226196 1.53016193249613
22.4945100931137 1.00506925582886 1.57194875777019
22.4978120589514 1.00201725959778 1.5830579655737
22.5012663031566 0.998834371566772 1.5103742382687
22.5046976763394 0.995682597160339 1.51753877624691
22.5081635644219 0.992509245872498 1.52243872770323
22.5118364471137 0.989157438278198 1.52637186686822
22.5154823438237 0.985841393470764 1.52946256077706
22.5193559934421 0.982330441474915 1.52240456262122
22.5230354679765 0.979007005691528 1.5678146136935
22.5267088164334 0.975700378417969 1.48798862070674
22.5304196589568 0.972371339797974 1.50110842561845
22.5343080593133 0.968895137310028 1.46607004019867
22.5382450250319 0.965388178825378 1.5068471203064
22.5421870675785 0.961889505386353 1.5027762744024
22.5463889544275 0.958174109458923 1.46700093398575
22.5503155178909 0.954715132713318 1.49506047151951
22.5541728284422 0.951329290866852 1.47710255641526
22.5580488754309 0.947939157485962 1.48690936901395
22.5619357262569 0.944551646709442 1.47303449853987
22.5658307658454 0.941169142723083 1.45612261199177
22.5697952785365 0.93773877620697 1.4461223938593
22.5740616699786 0.934061169624329 1.44300099393758
22.5783775499221 0.930355608463287 1.4277583167453
22.5826347435967 0.926714777946472 1.43634408666321
22.5868712584966 0.923105835914612 1.43063397205696
22.5911521345117 0.919473350048065 1.43068116518909
22.5955052857216 0.915794193744659 1.42015438174005
22.60013173154 0.911900162696838 1.39828789962333
22.6045610113041 0.908187627792358 1.42079097425497
22.6091086086499 0.904391646385193 1.42075662361715
22.6136083641852 0.900651216506958 1.4117953740746
22.6185353098124 0.896573424339294 1.40258375471703
22.623363122737 0.892595648765564 1.38895947909849
22.6281429881651 0.888674676418304 1.33398223251879
22.6327219820454 0.884934663772583 1.39984677382838
22.6377211318122 0.880869448184967 1.36593702385529
22.6428512074885 0.876717209815979 1.37314542162551
22.6480170224303 0.872555732727051 1.37782357425749
22.6533231984087 0.868301868438721 1.33899543131435
22.6584692550213 0.864196062088013 1.35262383174554
22.663681541079 0.860057294368744 1.35846722549745
22.66929450843 0.855622529983521 1.35846218388806
22.6748430565613 0.851261079311371 1.33131640740579
22.6803926352599 0.84692108631134 1.31160978869225
22.6860296370695 0.842535376548767 1.30254986258734
22.6918979469124 0.837993860244751 1.31878691176353
22.6976677468832 0.833552360534668 1.30261683076663
22.7034868322962 0.829096853733063 1.29477679844759
22.7089350779042 0.824946880340576 1.30719240366229
22.7147089115868 0.820571541786194 1.27581837305781
22.7207451610807 0.816022157669067 1.28532399648918
22.7273456242156 0.811076402664185 1.27482671903444
22.733817445573 0.806256115436554 1.25603514646743
22.7403076058266 0.801450967788696 1.27033671856139
22.7465166173143 0.796880781650543 1.28097978957382
22.7530804654562 0.792077779769897 1.26502554456684
22.759727434662 0.787243366241455 1.25015275792619
22.7676466821169 0.781522214412689 1.22555408258012
22.7752881652218 0.776041150093079 1.23502205943243
22.7827294523243 0.770740568637848 1.23410221251733
22.7907647170453 0.765057563781738 1.21558168526334
22.7992619985855 0.759093403816223 1.19089207038311
22.8079715353106 0.753028452396393 1.23203288737683
22.8168700297145 0.74688196182251 1.20672170305463
22.8261865080742 0.740500569343567 1.20626143947777
22.8357068667344 0.734035849571228 1.17573873186784
22.8460162185374 0.727098941802979 1.1503018663834
22.8569819993464 0.719792306423187 1.14333185289487
22.8677241901643 0.712705850601196 1.15896186736282
22.879302406571 0.705145955085754 1.15139295415542
22.8911256142739 0.697508931159973 1.12845437836912
22.9033084670634 0.689725995063782 1.10517946054017
22.916558736743 0.681359767913818 1.11418593149301
22.9307334100223 0.672522187232971 1.10788690117817
22.945983328634 0.663142204284668 1.05788339851043
22.9630992143491 0.652770161628723 1.06984159366221
22.9806788562583 0.642286002635956 1.05478296299961
22.9997221484213 0.631118834018707 1.03696471113371
23.0220934863359 0.618247866630554 1.01000966561248
23.0454640321168 0.605082213878632 1.00909599303342
23.0730726286772 0.589889883995056 1.00142105718184
23.1052015465786 0.572689712047577 0.945798246135106
23.1445032088492 0.552330136299133 0.946479788204142
23.1952131393304 0.527126371860504 0.888788930434505
23.2641959620238 0.494676887989044 0.823262991370132
23.3732772912366 0.447392880916595 0.730143573373354
23.5962539361101 0.364332914352417 0.575207655807908
24.1153125067791 0.225878566503525 0.387040569647526
25		 0.1		   0.26
27.5		 0.01		   0.082
30		 0		   0
30		 -1		   0
30		 -2		   0
30		 -5		   0
